#############################################################################
# Atomic data information
#
# Line 1     - Number of elements
# Line 2...  - Symbols for each element
# Line 5...  - Nominal mass
# Line n     - Number of elements with isotope tables / # isotopes per element
# Line n+1.. - Isotope list for specified elements
#############################################################################
93
 HHELIBE B C N O FNENAMGALSI P SCLAR KCASCTI VCRMNFECONICUZNGAGEASSEBRKRRBSR YZR
NBMOTCRURHPDAGCDINSNSBTE IXECSBALACEPRNDPMSMEUGDTBDYHOERTMYBLUHFTA WREOSIRPTAUHG
TLPBBIPOATRNFRRAACTHPA UMY
      1.007970000000000E00      4.002600000000000E00      6.939000000000000E00
      9.012200000000000E00      1.081100000000000E01      1.201100000000000E01
      1.400670000000000E01      1.599900000000000E01      1.899800000000000E01
      2.018300000000000E01      2.298900000000000E01      2.431200000000000E01
      2.698100000000000E01      2.808600000000000E01      3.097300000000000E01
      3.206400000000000E01      3.545300000000000E01      3.994800000000000E01
      3.910200000000000E01      4.008000000000000E01      4.495600000000000E01
      4.790000000000000E01      5.094200000000000E01      5.199600000000000E01
      5.493800000000000E01      5.584700000000000E01      5.893300000000000E01
      5.871000000000000E01      6.354000000000000E01      6.537000000000000E01
      6.972000000000000E01      7.259000000000000E01      7.492200000000000E01
      7.896000000000000E01      7.990900000000000E01      8.380000000000000E01
      8.547000000000000E01      8.762000000000000E01      8.890500000000000E01
      9.122000000000000E01      9.290600000000000E01      9.594000000000000E01
      9.900000000000000E01      1.010700000000000E02      1.029100000000000E02
      1.064000000000000E02      1.078700000000000E02      1.124000000000000E02
      1.148200000000000E02      1.186900000000000E02      1.217500000000000E02
      1.276000000000000E02      1.269040000000000E02      1.313000000000000E02
      1.329050000000000E02      1.373400000000000E02      1.389100000000000E02
      1.401200000000000E02      1.409070000000000E02      1.442400000000000E02
      1.470000000000000E02      1.503500000000000E02      1.519600000000000E02
      1.572500000000000E02      1.589240000000000E02      1.625000000000000E02
      1.649300000000000E02      1.672600000000000E02      1.689300000000000E02
      1.730400000000000E02      1.749700000000000E02      1.784900000000000E02
      1.809500000000000E02      1.838500000000000E02      1.862000000000000E02
      1.902000000000000E02      1.922000000000000E02      1.950900000000000E02
      1.969700000000000E02      2.005900000000000E02      2.043700000000000E02
      2.071900000000000E02      2.089800000000000E02      2.100000000000000E02
      2.100000000000000E02      2.220000000000000E02      2.230000000000000E02
      2.260000000000000E02      2.270000000000000E02      2.320000000000000E02
      2.310000000000000E02      2.380400000000000E02      12.
      4.271631205673759E22      1.894025157232704E22      4.597709923664122E22
      1.204600000000000E23      1.309347826086956E23      1.136415094339623E23
      3.481502890173410E22      4.302142857142857E22      3.522222222222222E22
      3.585119047619047E22      2.541350210970464E22      4.302142857142857E22
      6.023000000000000E22      4.977685950413223E22      3.542941176470588E22
      3.885806451612903E22      3.220855614973262E22      2.488842975206612E22
      1.329580573951435E22      2.014381270903010E22      4.015333333333333E22
      5.682075471698113E22      7.213173652694611E22      8.330567081604425E22
      8.150202976995940E22      8.483098591549294E22      8.989552238805969E22
      9.125757575757574E22      8.483098591549294E22      6.546739130434783E22
      5.104237288135593E22      4.428676470588235E22      4.597709923664122E22
      3.650303030303030E22      2.562978723404255E22      1.870496894409938E22
      1.077459749552773E22      1.787240356083086E22      3.041919191919192E22
      4.271631205673759E22      5.576851851851852E22      6.407446808510638E22
      0.000000000000000E00      7.256626506024096E22      7.256626506024096E22
      6.767415730337079E22      5.847572815533980E22      4.597709923664122E22
      3.836305732484076E22      3.695092024539877E22      3.273369565217391E22
      2.938048780487805E22      2.343579766536965E22      1.403962703962704E22
      8.604285714285713E21      1.544358974358974E22      2.676888888888889E22
      2.868095238095238E22      2.895673076923077E22      2.923786407766990E22
      0.000000000000000E00      3.026633165829146E22      2.084083044982699E22
      3.026633165829146E22      3.136979166666667E22      3.170000000000000E22
      3.220855614973262E22      3.273369565217391E22      3.327624309392265E22
      2.428629032258064E22      3.383707865168539E22      4.428676470588235E22
      5.525688073394495E22      6.320041972717733E22      6.805649717514124E22
      7.144721233689205E22      7.052693208430913E22      6.618681318681318E22
      5.904901960784314E22      4.069594594594594E22      3.501744186046512E22
      3.291256830601093E22      2.827699530516432E22      2.653303964757709E22
      0.000000000000000E00      0.000000000000000E00      0.000000000000000E00
      1.338444444444444E22      0.000000000000000E00      3.026633165829146E22
      4.015333333333333E22      4.818400000000000E22      9.579000000000000E22
        83         6
     1.500000000000000E-04      2.014000000000000E00
     9.998500000000000E-01      1.007800000000000E00
      0.000000000000000E00      0.000000000000000E00
      0.000000000000000E00      0.000000000000000E00
      0.000000000000000E00      0.000000000000000E00
      0.000000000000000E00      0.000000000000000E00
      1.000000000000000E00      4.002600000000000E00
      0.000000000000000E00      0.000000000000000E00
      0.000000000000000E00      0.000000000000000E00
      0.000000000000000E00      0.000000000000000E00
      0.000000000000000E00      0.000000000000000E00
      0.000000000000000E00      0.000000000000000E00
     9.258000000000000E-01      7.016000000000000E00
     7.419999999999999E-02      6.015000000000000E00
      0.000000000000000E00      0.000000000000000E00
      0.000000000000000E00      0.000000000000000E00
      0.000000000000000E00      0.000000000000000E00
      0.000000000000000E00      0.000000000000000E00
      1.000000000000000E00      9.012000000000000E00
      0.000000000000000E00      0.000000000000000E00
      0.000000000000000E00      0.000000000000000E00
      0.000000000000000E00      0.000000000000000E00
      0.000000000000000E00      0.000000000000000E00
      0.000000000000000E00      0.000000000000000E00
     8.022000000000000E-01      1.100900000000000E01
     1.978000000000000E-01      1.001300000000000E01
      0.000000000000000E00      0.000000000000000E00
      0.000000000000000E00      0.000000000000000E00
      0.000000000000000E00      0.000000000000000E00
      0.000000000000000E00      0.000000000000000E00
     1.110000000000000E-02      1.300340000000000E01
     9.889000000000000E-01      1.200000000000000E01
      0.000000000000000E00      0.000000000000000E00
      0.000000000000000E00      0.000000000000000E00
      0.000000000000000E00      0.000000000000000E00
      0.000000000000000E00      0.000000000000000E00
     3.700000000000000E-03      1.500000000000000E01
     9.963000000000000E-01      1.400300000000000E01
      0.000000000000000E00      0.000000000000000E00
      0.000000000000000E00      0.000000000000000E00
      0.000000000000000E00      0.000000000000000E00
      0.000000000000000E00      0.000000000000000E00
     2.400000000000000E-03      1.799000000000000E01
     9.976000000000000E-01      1.599500000000000E01
      0.000000000000000E00      0.000000000000000E00
      0.000000000000000E00      0.000000000000000E00
      0.000000000000000E00      0.000000000000000E00
      0.000000000000000E00      0.000000000000000E00
      1.000000000000000E00      1.899800000000000E01
      0.000000000000000E00      0.000000000000000E00
      0.000000000000000E00      0.000000000000000E00
      0.000000000000000E00      0.000000000000000E00
      0.000000000000000E00      0.000000000000000E00
      0.000000000000000E00      0.000000000000000E00
     8.820000000000000E-02      2.199100000000000E01
     2.600000000000000E-03      2.099400000000000E01
     9.092000000000000E-01      1.999200000000000E01
      0.000000000000000E00      0.000000000000000E00
      0.000000000000000E00      0.000000000000000E00
      0.000000000000000E00      0.000000000000000E00
      1.000000000000000E00      2.299000000000000E01
      0.000000000000000E00      0.000000000000000E00
      0.000000000000000E00      0.000000000000000E00
      0.000000000000000E00      0.000000000000000E00
      0.000000000000000E00      0.000000000000000E00
      0.000000000000000E00      0.000000000000000E00
     1.117000000000000E-01      2.598300000000000E01
     1.013000000000000E-01      2.498600000000000E01
     7.870000000000000E-01      2.398500000000000E01
      0.000000000000000E00      0.000000000000000E00
      0.000000000000000E00      0.000000000000000E00
      0.000000000000000E00      0.000000000000000E00
      1.000000000000000E00      2.698200000000000E01
      0.000000000000000E00      0.000000000000000E00
      0.000000000000000E00      0.000000000000000E00
      0.000000000000000E00      0.000000000000000E00
      0.000000000000000E00      0.000000000000000E00
      0.000000000000000E00      0.000000000000000E00
     3.090000000000000E-02      2.997400000000000E01
     4.700000000000000E-02      2.897600000000000E01
     9.221000000000000E-01      2.797700000000000E01
      0.000000000000000E00      0.000000000000000E00
      0.000000000000000E00      0.000000000000000E00
      0.000000000000000E00      0.000000000000000E00
      1.000000000000000E00      3.099400000000000E01
      0.000000000000000E00      0.000000000000000E00
      0.000000000000000E00      0.000000000000000E00
      0.000000000000000E00      0.000000000000000E00
      0.000000000000000E00      0.000000000000000E00
      0.000000000000000E00      0.000000000000000E00
     1.700000000000000E-04      3.597000000000000E01
     4.210000000000000E-02      3.397000000000000E01
     7.500000000000000E-03      3.297000000000000E01
     9.502300000000000E-01      3.197000000000000E01
      0.000000000000000E00      0.000000000000000E00
      0.000000000000000E00      0.000000000000000E00
     2.447000000000000E-01      3.697000000000000E01
     7.553000000000000E-01      3.496900000000000E01
      0.000000000000000E00      0.000000000000000E00
      0.000000000000000E00      0.000000000000000E00
      0.000000000000000E00      0.000000000000000E00
      0.000000000000000E00      0.000000000000000E00
     9.960000000000000E-01      3.998000000000000E01
     3.999999999999999E-03      3.597000000000000E01
      0.000000000000000E00      0.000000000000000E00
      0.000000000000000E00      0.000000000000000E00
      0.000000000000000E00      0.000000000000000E00
      0.000000000000000E00      0.000000000000000E00
     6.899999999999999E-02      4.096000000000000E01
     9.310000000000000E-01      3.896000000000000E01
      0.000000000000000E00      0.000000000000000E00
      0.000000000000000E00      0.000000000000000E00
      0.000000000000000E00      0.000000000000000E00
      0.000000000000000E00      0.000000000000000E00
     2.000000000000000E-03      4.795000000000000E01
     2.000000000000000E-03      4.595000000000000E01
     2.100000000000000E-02      4.396000000000000E01
     1.000000000000000E-03      4.296000000000000E01
     6.500000000000000E-03      4.196000000000000E01
     9.675000000000000E-01      3.996000000000000E01
      1.000000000000000E00      4.495600000000000E01
      0.000000000000000E00      0.000000000000000E00
      0.000000000000000E00      0.000000000000000E00
      0.000000000000000E00      0.000000000000000E00
      0.000000000000000E00      0.000000000000000E00
      0.000000000000000E00      0.000000000000000E00
     5.340000000000000E-02      4.994000000000000E01
     5.510000000000000E-02      4.895000000000000E01
     7.394000000000000E-01      4.795000000000000E01
     7.279999999999999E-02      4.695000000000000E01
     7.930000000000000E-02      4.595000000000000E01
      0.000000000000000E00      0.000000000000000E00
      1.000000000000000E00      5.094000000000000E01
      0.000000000000000E00      0.000000000000000E00
      0.000000000000000E00      0.000000000000000E00
      0.000000000000000E00      0.000000000000000E00
      0.000000000000000E00      0.000000000000000E00
      0.000000000000000E00      0.000000000000000E00
     2.400000000000000E-02      5.394000000000000E01
     9.600000000000000E-02      5.294000000000000E01
     8.370000000000000E-01      5.194000000000000E01
     4.300000000000000E-02      4.995000000000000E01
      0.000000000000000E00      0.000000000000000E00
      0.000000000000000E00      0.000000000000000E00
      1.000000000000000E00      5.494000000000000E01
      0.000000000000000E00      0.000000000000000E00
      0.000000000000000E00      0.000000000000000E00
      0.000000000000000E00      0.000000000000000E00
      0.000000000000000E00      0.000000000000000E00
      0.000000000000000E00      0.000000000000000E00
     3.300000000000000E-03      5.793000000000000E01
     2.190000000000000E-02      5.693000000000000E01
     9.166000000000000E-01      5.594000000000000E01
     5.820000000000000E-02      5.394000000000000E01
      0.000000000000000E00      0.000000000000000E00
      0.000000000000000E00      0.000000000000000E00
      1.000000000000000E00      5.893000000000000E01
      0.000000000000000E00      0.000000000000000E00
      0.000000000000000E00      0.000000000000000E00
      0.000000000000000E00      0.000000000000000E00
      0.000000000000000E00      0.000000000000000E00
      0.000000000000000E00      0.000000000000000E00
     9.039999999999999E-03      6.393000000000000E01
     3.593000000000000E-02      6.193000000000000E01
     1.134000000000000E-02      6.093000000000000E01
     2.609500000000000E-01      5.993000000000000E01
     6.827400000000000E-01      5.794000000000000E01
      0.000000000000000E00      0.000000000000000E00
     3.091000000000000E-01      6.493000000000000E01
     6.909000000000000E-01      6.293000000000000E01
      0.000000000000000E00      0.000000000000000E00
      0.000000000000000E00      0.000000000000000E00
      0.000000000000000E00      0.000000000000000E00
      0.000000000000000E00      0.000000000000000E00
     6.200000000000000E-03      6.993000000000000E01
     1.857000000000000E-01      6.793000000000000E01
     4.110000000000000E-02      6.693000000000000E01
     2.781000000000000E-01      6.593000000000000E01
     4.889000000000000E-01      6.393000000000000E01
      0.000000000000000E00      0.000000000000000E00
     3.960000000000000E-01      7.093000000000000E01
     6.040000000000000E-01      6.893000000000000E01
      0.000000000000000E00      0.000000000000000E00
      0.000000000000000E00      0.000000000000000E00
      0.000000000000000E00      0.000000000000000E00
      0.000000000000000E00      0.000000000000000E00
     7.759999999999999E-02      7.592000000000000E01
     3.654000000000000E-01      7.392000000000000E01
     7.759999999999999E-02      7.292000000000000E01
     2.743000000000000E-01      7.192000000000000E01
     2.051000000000000E-01      6.992000000000000E01
      0.000000000000000E00      0.000000000000000E00
      1.000000000000000E00      7.492000000000000E01
      0.000000000000000E00      0.000000000000000E00
      0.000000000000000E00      0.000000000000000E00
      0.000000000000000E00      0.000000000000000E00
      0.000000000000000E00      0.000000000000000E00
      0.000000000000000E00      0.000000000000000E00
     9.190000000000000E-02      8.192000000000000E01
     4.982000000000000E-01      7.992000000000000E01
     2.352000000000000E-01      7.792000000000000E01
     7.579999999999999E-02      7.692000000000000E01
     9.019999999999999E-02      7.592000000000000E01
     8.699999999999999E-03      7.392000000000000E01
     4.946000000000000E-01      8.092000000000000E01
     5.054000000000000E-01      7.892000000000000E01
      0.000000000000000E00      0.000000000000000E00
      0.000000000000000E00      0.000000000000000E00
      0.000000000000000E00      0.000000000000000E00
      0.000000000000000E00      0.000000000000000E00
     1.737000000000000E-01      8.591000000000000E01
     5.690000000000000E-01      8.392000000000000E01
     1.155000000000000E-01      8.292000000000000E01
     1.156000000000000E-01      8.191000000000000E01
     2.270000000000000E-02      7.992000000000000E01
     3.500000000000000E-03      7.792000000000000E01
     2.785000000000000E-01      8.691000000000000E01
     7.215000000000000E-01      8.491000000000000E01
      0.000000000000000E00      0.000000000000000E00
      0.000000000000000E00      0.000000000000000E00
      0.000000000000000E00      0.000000000000000E00
      0.000000000000000E00      0.000000000000000E00
     8.256000000000000E-01      8.791000000000000E01
     7.020000000000000E-02      8.691000000000000E01
     9.859999999999999E-02      8.591000000000000E01
     5.600000000000000E-03      8.391000000000000E01
      0.000000000000000E00      0.000000000000000E00
      0.000000000000000E00      0.000000000000000E00
      1.000000000000000E00      8.891000000000000E01
      0.000000000000000E00      0.000000000000000E00
      0.000000000000000E00      0.000000000000000E00
      0.000000000000000E00      0.000000000000000E00
      0.000000000000000E00      0.000000000000000E00
      0.000000000000000E00      0.000000000000000E00
     2.800000000000000E-02      9.591000000000000E01
     1.740000000000000E-01      9.391000000000000E01
     1.711000000000000E-01      9.191000000000000E01
     1.123000000000000E-01      9.091000000000000E01
     5.146000000000000E-01      8.990000000000000E01
      0.000000000000000E00      0.000000000000000E00
      1.000000000000000E00      9.291000000000000E01
      0.000000000000000E00      0.000000000000000E00
      0.000000000000000E00      0.000000000000000E00
      0.000000000000000E00      0.000000000000000E00
      0.000000000000000E00      0.000000000000000E00
      0.000000000000000E00      0.000000000000000E00
     9.630000000000000E-02      9.990000000000000E01
     2.378000000000000E-01      9.790000000000000E01
     9.459999999999999E-02      9.690000000000000E01
     3.225000000000000E-01      9.550000000000000E01
     9.039999999999999E-02      9.390000000000000E01
     1.584000000000000E-01      9.190000000000000E01
      0.000000000000000E00      0.000000000000000E00
      0.000000000000000E00      0.000000000000000E00
      0.000000000000000E00      0.000000000000000E00
      0.000000000000000E00      0.000000000000000E00
      0.000000000000000E00      0.000000000000000E00
      0.000000000000000E00      0.000000000000000E00
     1.858000000000000E-01      1.039000000000000E02
     3.161000000000000E-01      1.019000000000000E02
     1.707000000000000E-01      1.009000000000000E02
     1.262000000000000E-01      9.990000000000000E01
     1.461000000000000E-01      9.850000000000000E01
     5.510000000000000E-02      9.590000000000000E01
      1.000000000000000E00      1.029000000000000E02
      0.000000000000000E00      0.000000000000000E00
      0.000000000000000E00      0.000000000000000E00
      0.000000000000000E00      0.000000000000000E00
      0.000000000000000E00      0.000000000000000E00
      0.000000000000000E00      0.000000000000000E00
     1.181000000000000E-01      1.099000000000000E02
     2.671000000000000E-01      1.079000000000000E02
     2.732000000000000E-01      1.059000000000000E02
     2.223000000000000E-01      1.049000000000000E02
     1.097000000000000E-01      1.039000000000000E02
     9.600000000000000E-03      1.019000000000000E02
     4.818000000000000E-01      1.089000000000000E02
     5.182000000000000E-01      1.069000000000000E02
      0.000000000000000E00      0.000000000000000E00
      0.000000000000000E00      0.000000000000000E00
      0.000000000000000E00      0.000000000000000E00
      0.000000000000000E00      0.000000000000000E00
     7.579999999999999E-02      1.159000000000000E02
     2.886000000000000E-01      1.139000000000000E02
     1.226000000000000E-01      1.129000000000000E02
     2.407000000000000E-01      1.119000000000000E02
     1.275000000000000E-01      1.109000000000000E02
     1.448000000000000E-01      1.099000000000000E02
     9.572000000000000E-01      1.149000000000000E02
     4.280000000000000E-02      1.129000000000000E02
      0.000000000000000E00      0.000000000000000E00
      0.000000000000000E00      0.000000000000000E00
      0.000000000000000E00      0.000000000000000E00
      0.000000000000000E00      0.000000000000000E00
     5.940000000000000E-02      1.239000000000000E02
     4.720000000000000E-02      1.219000000000000E02
     3.285000000000000E-01      1.199000000000000E02
     8.580000000000000E-02      1.189000000000000E02
     3.164000000000000E-01      1.176000000000000E02
     1.627000000000000E-01      1.160000000000000E02
     4.275000000000000E-01      1.229000000000000E02
     5.725000000000000E-01      1.209000000000000E02
      0.000000000000000E00      0.000000000000000E00
      0.000000000000000E00      0.000000000000000E00
      0.000000000000000E00      0.000000000000000E00
      0.000000000000000E00      0.000000000000000E00
     3.448000000000000E-01      1.300000000000000E02
     3.179000000000000E-01      1.280000000000000E02
     1.871000000000000E-01      1.260000000000000E02
     6.989999999999999E-02      1.250000000000000E02
     5.480000000000000E-02      1.240000000000000E02
     2.550000000000000E-02      1.220000000000000E02
      1.000000000000000E00      1.269000000000000E02
      0.000000000000000E00      0.000000000000000E00
      0.000000000000000E00      0.000000000000000E00
      0.000000000000000E00      0.000000000000000E00
      0.000000000000000E00      0.000000000000000E00
      0.000000000000000E00      0.000000000000000E00
     8.900000000000000E-02      1.360000000000000E02
     1.040000000000000E-01      1.340000000000000E02
     2.690000000000000E-01      1.320000000000000E02
     2.120000000000000E-01      1.310000000000000E02
     3.040000000000000E-01      1.295000000000000E02
     2.200000000000000E-02      1.280000000000000E02
      1.000000000000000E00      1.329000000000000E02
      0.000000000000000E00      0.000000000000000E00
      0.000000000000000E00      0.000000000000000E00
      0.000000000000000E00      0.000000000000000E00
      0.000000000000000E00      0.000000000000000E00
      0.000000000000000E00      0.000000000000000E00
     7.170000000000000E-01      1.380000000000000E02
     1.130000000000000E-01      1.370000000000000E02
     7.800000000000000E-02      1.360000000000000E02
     6.599999999999999E-02      1.350000000000000E02
     2.500000000000000E-02      1.340000000000000E02
     1.000000000000000E-03      1.320000000000000E02
      1.000000000000000E00      1.390000000000000E02
      0.000000000000000E00      0.000000000000000E00
      0.000000000000000E00      0.000000000000000E00
      0.000000000000000E00      0.000000000000000E00
      0.000000000000000E00      0.000000000000000E00
      0.000000000000000E00      0.000000000000000E00
     1.100000000000000E-01      1.420000000000000E02
     8.850000000000000E-01      1.400000000000000E02
     3.000000000000000E-03      1.380000000000000E02
     2.000000000000000E-03      1.360000000000000E02
      0.000000000000000E00      0.000000000000000E00
      0.000000000000000E00      0.000000000000000E00
      1.000000000000000E00      1.410000000000000E02
      0.000000000000000E00      0.000000000000000E00
      0.000000000000000E00      0.000000000000000E00
      0.000000000000000E00      0.000000000000000E00
      0.000000000000000E00      0.000000000000000E00
      0.000000000000000E00      0.000000000000000E00
     5.620000000000000E-02      1.500000000000000E02
     5.730000000000000E-02      1.480000000000000E02
     2.552000000000000E-01      1.460000000000000E02
     2.385000000000000E-01      1.440000000000000E02
     1.217000000000000E-01      1.430000000000000E02
     2.711000000000000E-01      1.420000000000000E02
      0.000000000000000E00      0.000000000000000E00
      0.000000000000000E00      0.000000000000000E00
      0.000000000000000E00      0.000000000000000E00
      0.000000000000000E00      0.000000000000000E00
      0.000000000000000E00      0.000000000000000E00
      0.000000000000000E00      0.000000000000000E00
     2.270000000000000E-01      1.540000000000000E02
     2.670000000000000E-01      1.520000000000000E02
     7.400000000000000E-02      1.500000000000000E02
     1.380000000000000E-01      1.490000000000000E02
     1.120000000000000E-01      1.480000000000000E02
     1.820000000000000E-01      1.470000000000000E02
     5.218000000000000E-01      1.530000000000000E02
     4.782000000000000E-01      1.510000000000000E02
      0.000000000000000E00      0.000000000000000E00
      0.000000000000000E00      0.000000000000000E00
      0.000000000000000E00      0.000000000000000E00
      0.000000000000000E00      0.000000000000000E00
     2.190000000000000E-01      1.599000000000000E02
     2.490000000000000E-01      1.579000000000000E02
     1.570000000000000E-01      1.569000000000000E02
     2.050000000000000E-01      1.559000000000000E02
     1.470000000000000E-01      1.549000000000000E02
     2.300000000000000E-02      1.539000000000000E02
      1.000000000000000E00      1.589000000000000E02
      0.000000000000000E00      0.000000000000000E00
      0.000000000000000E00      0.000000000000000E00
      0.000000000000000E00      0.000000000000000E00
      0.000000000000000E00      0.000000000000000E00
      0.000000000000000E00      0.000000000000000E00
     2.820000000000000E-01      1.640000000000000E02
     2.500000000000000E-01      1.630000000000000E02
     2.550000000000000E-01      1.620000000000000E02
     1.890000000000000E-01      1.610000000000000E02
     2.400000000000000E-02      1.600000000000000E02
      0.000000000000000E00      0.000000000000000E00
      1.000000000000000E00      1.650000000000000E02
      0.000000000000000E00      0.000000000000000E00
      0.000000000000000E00      0.000000000000000E00
      0.000000000000000E00      0.000000000000000E00
      0.000000000000000E00      0.000000000000000E00
      0.000000000000000E00      0.000000000000000E00
     1.490000000000000E-01      1.700000000000000E02
     2.710000000000000E-01      1.680000000000000E02
     2.290000000000000E-01      1.670000000000000E02
     3.340000000000000E-01      1.660000000000000E02
     1.700000000000000E-02      1.640000000000000E02
      0.000000000000000E00      0.000000000000000E00
      1.000000000000000E00      1.690000000000000E02
      0.000000000000000E00      0.000000000000000E00
      0.000000000000000E00      0.000000000000000E00
      0.000000000000000E00      0.000000000000000E00
      0.000000000000000E00      0.000000000000000E00
      0.000000000000000E00      0.000000000000000E00
     1.270000000000000E-01      1.760000000000000E02
     3.180000000000000E-01      1.740000000000000E02
     1.600000000000000E-01      1.730000000000000E02
     2.200000000000000E-01      1.720000000000000E02
     1.450000000000000E-01      1.710000000000000E02
     3.000000000000000E-02      1.700000000000000E02
     2.590000000000000E-02      1.760000000000000E02
     9.741000000000000E-01      1.750000000000000E02
      0.000000000000000E00      0.000000000000000E00
      0.000000000000000E00      0.000000000000000E00
      0.000000000000000E00      0.000000000000000E00
      0.000000000000000E00      0.000000000000000E00
     3.520000000000000E-01      1.800000000000000E02
     1.380000000000000E-01      1.790000000000000E02
     2.710000000000000E-01      1.780000000000000E02
     1.850000000000000E-01      1.770000000000000E02
     5.200000000000000E-02      1.760000000000000E02
     2.000000000000000E-03      1.740000000000000E02
      1.000000000000000E00      1.810000000000000E02
      0.000000000000000E00      0.000000000000000E00
      0.000000000000000E00      0.000000000000000E00
      0.000000000000000E00      0.000000000000000E00
      0.000000000000000E00      0.000000000000000E00
      0.000000000000000E00      0.000000000000000E00
     2.840000000000000E-01      1.860000000000000E02
     3.060000000000000E-01      1.840000000000000E02
     1.440000000000000E-01      1.830000000000000E02
     2.640000000000000E-01      1.820000000000000E02
     2.000000000000000E-03      1.800000000000000E02
      0.000000000000000E00      0.000000000000000E00
     6.250000000000000E-01      1.870000000000000E02
     3.750000000000000E-01      1.850000000000000E02
      0.000000000000000E00      0.000000000000000E00
      0.000000000000000E00      0.000000000000000E00
      0.000000000000000E00      0.000000000000000E00
      0.000000000000000E00      0.000000000000000E00
     4.100000000000000E-01      1.920000000000000E02
     2.640000000000000E-01      1.900000000000000E02
     1.610000000000000E-01      1.890000000000000E02
     1.330000000000000E-01      1.880000000000000E02
     1.600000000000000E-02      1.870000000000000E02
     1.600000000000000E-02      1.860000000000000E02
     6.260000000000000E-01      1.930000000000000E02
     3.740000000000000E-01      1.910000000000000E02
      0.000000000000000E00      0.000000000000000E00
      0.000000000000000E00      0.000000000000000E00
      0.000000000000000E00      0.000000000000000E00
      0.000000000000000E00      0.000000000000000E00
     7.199999999999999E-02      1.980000000000000E02
     2.530000000000000E-01      1.960000000000000E02
     3.380000000000000E-01      1.950000000000000E02
     3.290000000000000E-01      1.940000000000000E02
     8.000000000000000E-03      1.920000000000000E02
      0.000000000000000E00      0.000000000000000E00
      1.000000000000000E00      1.970000000000000E02
      0.000000000000000E00      0.000000000000000E00
      0.000000000000000E00      0.000000000000000E00
      0.000000000000000E00      0.000000000000000E00
      0.000000000000000E00      0.000000000000000E00
      0.000000000000000E00      0.000000000000000E00
     6.899999999999999E-02      2.040000000000000E02
     2.980000000000000E-01      2.020000000000000E02
     1.320000000000000E-01      2.010000000000000E02
     2.310000000000000E-01      2.000000000000000E02
     1.680000000000000E-01      1.990000000000000E02
     1.020000000000000E-01      1.980000000000000E02
     7.050000000000000E-01      2.050000000000000E02
     2.950000000000000E-01      2.030000000000000E02
      0.000000000000000E00      0.000000000000000E00
      0.000000000000000E00      0.000000000000000E00
      0.000000000000000E00      0.000000000000000E00
      0.000000000000000E00      0.000000000000000E00
     5.230000000000000E-01      2.080000000000000E02
     2.260000000000000E-01      2.070000000000000E02
     2.360000000000000E-01      2.060000000000000E02
     1.500000000000000E-02      2.040000000000000E02
      0.000000000000000E00      0.000000000000000E00
      0.000000000000000E00      0.000000000000000E00
      1.000000000000000E00      2.090000000000000E02
      0.000000000000000E00      0.000000000000000E00
      0.000000000000000E00      0.000000000000000E00
      0.000000000000000E00      0.000000000000000E00
      0.000000000000000E00      0.000000000000000E00
      0.000000000000000E00      0.000000000000000E00
